142,135,3
149,385,3
142,131,3
142,124,3
149,374,3
351,293,1
351,291,1
351,292,1
351,309,1
351,310,1
351,311,1
351,306,1
351,307,1
351,308,1
351,315,1
351,316,1
351,317,1
351,312,1
351,313,1
351,314,1
351,297,1
351,298,1
351,299,1
351,296,1
351,295,1
351,294,1
351,305,1
351,303,1
351,304,1
351,300,1
351,301,1
351,302,1
149,265,3
149,266,3
149,282,3
114,193,3
351,320,1
351,319,1
351,318,1
142,176,3
142,177,3
142,170,3
149,333,3
128,452,3
351,414,1
351,412,1
351,413,1
351,426,1
351,425,1
351,424,1
351,423,1
351,430,1
351,429,1
351,427,1
351,428,1
351,418,1
351,417,1
351,415,1
351,416,1
351,421,1
351,422,1
351,420,1
351,419,1
114,31,3
149,354,3
149,355,3
351,431,1
142,207,3
142,208,3
142,199,3
142,200,3
142,217,3
149,160,3
149,161,3
128,462,3
149,152,3
351,352,1
105,416,3
351,372,1
351,370,1
351,371,1
351,373,1
351,366,1
351,367,1
351,368,1
351,369,1
351,381,1
351,378,1
351,379,1
351,380,1
351,374,1
351,376,1
351,377,1
351,375,1
351,357,1
351,358,1
351,359,1
351,360,1
351,356,1
351,354,1
351,355,1
351,353,1
351,364,1
351,365,1
351,361,1
351,362,1
351,363,1
149,339,3
149,340,3
351,384,1
351,383,1
351,382,1
351,388,1
351,389,1
351,391,1
351,390,1
351,386,1
351,387,1
351,385,1
149,127,3
142,251,3
142,252,3
142,247,3
114,81,3
142,243,3
142,239,3
142,240,3
149,116,3
114,65,3
149,136,3
128,79,3
149,108,3
351,261,1
351,277,1
351,278,1
351,276,1
351,273,1
351,274,1
351,275,1
351,283,1
351,284,1
351,282,1
351,279,1
351,280,1
351,281,1
351,265,1
351,266,1
351,267,1
351,262,1
351,263,1
351,264,1
351,271,1
351,272,1
351,269,1
351,270,1
351,268,1
351,285,1
142,120,3
351,288,1
351,290,1
351,289,1
351,286,1
351,287,1
142,281,3
128,92,3
142,268,3
351,159,0
351,158,1
351,156,1
351,157,1
351,152,1
351,153,1
351,154,1
351,155,2
351,164,0
351,165,1
351,166,1
351,167,1
351,162,0
351,163,1
351,160,1
351,161,1
151,461,3
351,146,0
351,147,1
351,148,1
351,142,0
351,143,1
351,144,1
351,145,1
351,151,0
351,149,0
351,150,1
351,180,1
149,395,3
351,170,1
351,171,1
351,172,1
142,315,3
142,316,3
114,322,3
351,168,1
351,169,1
351,178,1
351,176,1
351,177,1
351,179,2
114,338,3
351,173,1
351,174,1
351,175,1
128,4,3
128,1,3
351,333,1
351,334,1
351,335,1
351,332,1
351,330,1
351,331,1
351,341,1
351,339,1
351,340,1
351,338,1
351,336,1
351,337,1
351,324,1
351,325,1
351,326,1
351,321,1
351,322,1
351,323,1
351,329,1
351,327,1
351,328,1
114,158,3
128,95,3
142,415,3
351,343,1
351,344,1
351,342,1
149,443,3
114,166,3
351,348,1
351,349,1
351,350,1
149,432,3
351,345,1
351,346,1
351,347,1
142,330,3
142,331,3
128,34,3
142,345,3
142,429,3
128,50,3
128,44,3
128,58,3
128,56,3
351,229,1
351,231,1
351,228,1
351,230,1
351,226,1
351,225,1
351,224,1
351,227,1
351,237,1
351,236,1
351,238,1
351,232,1
351,234,1
351,235,1
351,233,1
351,223,1
351,222,1
351,221,1
351,255,1
149,419,3
128,19,3
114,110,3
351,260,1
351,258,1
351,259,1
351,257,1
351,256,1
351,244,0
351,245,1
351,246,1
351,243,1
351,242,0
351,239,1
351,241,1
351,240,1
149,421,3
114,122,3
351,251,1
351,253,1
351,254,1
351,252,1
142,370,3
142,371,3
351,249,1
351,248,1
351,247,1
351,250,1
142,388,3
142,294,3
128,219,3
128,220,3
128,214,3
128,191,3
351,114,0
351,115,1
351,112,1
351,113,1
351,109,0
351,110,1
351,111,1
351,108,1
351,123,0
351,121,1
351,122,1
351,120,1
351,118,0
351,117,1
351,116,1
351,119,1
351,105,0
351,106,1
351,103,0
351,102,1
351,104,1
351,107,0
149,300,3
149,301,3
114,225,3
351,140,1
351,141,1
351,139,1
351,128,0
351,129,1
351,127,1
351,130,1
351,124,1
351,125,1
351,126,1
142,279,3
142,280,3
149,304,3
114,237,3
351,138,0
351,136,1
351,135,1
351,137,1
114,235,3
351,133,0
351,132,1
351,134,1
351,131,1
149,100,3
149,85,3
109,261,3
128,258,3
128,259,3
351,30,1
142,459,3
118,448,3
109,289,3
128,236,3
151,28,3
351,35,1
351,34,1
351,36,1
351,32,1
351,33,1
351,31,1
114,422,3
351,39,1
351,37,1
351,38,1
351,54,1
351,53,1
351,52,1
351,58,1
351,59,1
351,60,1
351,57,1
351,55,1
351,56,1
351,44,1
351,43,1
351,45,1
351,41,1
351,42,1
351,40,1
151,11,3
351,50,1
351,51,1
351,49,1
151,8,3
351,47,1
351,48,1
351,46,1
128,113,3
149,78,3
109,293,3
114,285,3
128,140,3
128,141,3
118,426,3
128,121,3
109,318,3
351,187,1
351,189,1
351,186,1
351,188,1
151,98,3
351,183,1
351,184,1
351,182,1
351,185,1
114,305,3
351,193,1
351,194,1
351,190,1
351,191,1
351,192,1
351,181,1
146,64,3
351,212,1
351,213,1
351,211,1
351,219,1
351,217,1
351,218,1
351,220,1
151,83,3
351,215,1
351,214,1
351,216,1
351,202,1
351,201,1
351,199,1
351,200,1
351,195,1
351,196,1
351,197,1
351,198,1
351,207,1
351,210,1
351,209,1
351,208,1
351,205,1
351,203,1
351,204,1
351,206,1
128,168,3
128,169,3
351,81,1
351,82,1
109,328,3
351,80,1
109,321,3
118,307,3
128,143,3
149,466,3
351,85,1
151,76,3
351,83,1
351,84,1
114,269,3
351,96,1
351,97,1
351,95,1
351,94,1
351,101,1
351,100,1
351,99,1
351,98,1
351,88,1
351,89,1
351,86,1
351,87,1
351,93,1
351,92,1
351,90,1
351,91,1
128,343,3
128,344,3
109,357,3
351,0,1
118,290,3
109,375,3
128,324,3
149,455,3
351,4,1
351,5,1
351,2,1
351,1,1
351,3,1
351,6,1
151,62,3
351,23,1
351,21,1
351,22,1
351,20,1
351,19,1
114,390,3
351,29,1
351,28,1
351,27,1
351,24,1
351,25,1
351,26,1
351,10,1
351,12,1
351,11,1
351,8,1
351,7,1
351,9,1
114,381,3
351,17,1
351,18,1
351,16,1
351,14,1
351,15,1
351,13,1
128,386,3
128,387,3
149,228,3
109,398,3
351,459,1
142,27,3
149,232,3
149,233,3
142,24,3
149,253,3
351,461,1
142,21,3
351,460,1
128,361,3
149,256,3
128,380,3
146,41,3
351,467,1
351,466,1
151,112,3
351,469,1
351,468,1
151,137,3
351,463,1
151,132,3
133,295,3
351,462,1
351,465,1
351,464,1
149,203,3
128,274,3
128,275,3
128,288,3
142,40,3
149,190,3
142,55,3
351,62,1
149,182,3
351,61,1
146,221,3
351,63,1
151,255,3
146,218,3
146,195,3
351,74,1
351,75,1
351,73,1
351,72,1
151,229,3
151,230,3
351,79,1
351,78,1
151,224,3
351,77,1
351,76,1
351,66,1
351,67,1
151,248,3
123,413,3
351,64,1
351,65,1
351,71,1
351,70,1
351,68,1
351,69,1
142,63,3
149,43,3
128,310,3
128,306,3
128,319,3
149,49,3
142,72,3
109,431,3
164,16,3
151,187,3
151,188,3
151,209,3
114,396,3
151,201,3
133,442,3
149,10,3
149,13,3
128,423,3
142,90,3
149,7,3
142,94,3
128,427,3
114,433,3
351,456,1
351,455,1
146,22,3
351,458,1
351,457,1
351,453,1
151,46,3
351,452,1
133,418,3
151,42,3
351,454,1
151,302,3
151,297,3
151,298,3
146,327,3
128,450,3
146,171,3
151,262,3
151,263,3
146,364,3
128,392,3
146,353,3
118,53,3
164,186,3
109,30,3
151,378,3
151,379,3
151,372,3
151,383,3
128,408,3
109,70,3
146,102,3
146,241,3
151,336,3
151,337,3
151,332,3
146,147,3
109,77,3
146,125,3
151,156,3
151,157,3
151,178,3
109,117,3
146,309,3
109,257,3
151,401,3
109,148,3
109,165,3
146,425,3
133,9,3
151,444,3
151,441,3
146,389,3
109,57,3
164,303,3
151,420,3
151,417,3
109,223,3
109,234,3
146,276,3
109,212,3
146,273,3
133,204,3
164,434,3
164,412,3
149,410,3
146,393,3
142,439,3
142,437,3
142,446,3
142,445,3
142,394,3
142,399,3
351,403,1
351,402,1
351,405,1
351,404,1
351,411,1
351,410,1
351,407,1
351,406,1
351,409,1
351,408,1
351,434,1
351,435,1
351,432,1
351,433,1
351,436,1
351,447,1
351,446,1
351,445,1
351,450,1
351,451,1
351,448,1
351,449,1
351,439,1
351,440,1
351,438,1
351,437,1
351,444,1
351,443,1
351,442,1
351,441,1
351,393,1
351,392,1
351,394,1
351,399,1
351,401,1
351,400,1
351,396,1
351,395,1
351,398,1
351,397,1
